              precision    recall  f1-score   support

           0       0.64      0.47      0.54        15
           1       0.94      1.00      0.97        15
           2       0.67      0.67      0.67        15
           3       0.43      0.60      0.50        15
           4       0.37      0.47      0.41        15
           5       0.79      1.00      0.88        15
           6       0.59      0.87      0.70        15
           7       0.76      0.87      0.81        15
           8       1.00      0.07      0.12        15
           9       0.56      0.33      0.42        15

    accuracy                           0.63       150
   macro avg       0.67      0.63      0.60       150
weighted avg       0.67      0.63      0.60       150
